1111111111111111111111111111-38-38
130302303030111110303032030311
101110111110111110111110111011
131110111110111110111110111311
102000032300030300032320000011
131113110111111111110113111311
102002110000011100030112000011
131113111111011101111113111311
101113110333233323330113111011
030002110111111111110112200300
101113110111111111110113111011
131113110333233323330113111311
101113111111011101111113111011
130000110000011100000110000311
101113110111111111110113111011
131112032000303030002322111311
101113111101111111011110111011
131113111100030300011110111311
100300303001111111003032030011
111111111111111111111111111111
