111111111111111111111111111111
133333331333330000031233330311
131111131311111111131311111311
131303320303000203030300031311
131313131113111113111311131311
133313130003030303000211130311
111313130111131311111311131111
133213330003120213000300120311
131313111113131313111111131311
131303330313130313130000031311
131311111313111113131111131311
131303320313130013130300031311
131113131313131013131311111311
133003131300000003031311000311
131111131313111113131311111311
123333330313000003130300000311
131111111313111113131111111311
133111131313011103131011110311
133333331303031003031333330311
111111111111111111111111111111
